16
1
1
15
15
15
22
22
14
9
20
20
20
43
43
23
23
46
23
33
8
8
14
50
43
13
46
22
44
15
18
18
18
18
18
18
22
22
22
45
45
27
44
38
1
24
7
24
24
29
23
23
50
41
12
12
2
4
33
8
20
20
2
23
13
19
18
18
12
12
12
13
45
45
13
48
13
13
2
6
26
26
9
23
2
2
23
1
25
9
34
39
39
39
13
15
15
49
40
41
19
35
0
0
0
29
40
38
34
0
15
15
15
7
33
33
33
33
28
9
36
49
18
36
36
29
23
23
7
24
24
49
38
24
24
9
47
7
7
18
18
18
6
20
46
25
0
39
24
43
43
43
10
21
16
4
16
0
0
11
47
46
16
37
11
11
11
48
15
26
37
17
12
37
48
48
22
21
24
5
46
18
0
41
15
40
15
34
37
48
48
17
27
27
16
1
8
49
49
49
18
20
12
26
26
26
7
12
12
12
12
10
38
38
39
36
3
36
26
33
33
13
15
15
31
32
32
22
3
18
18
6
3
15
48
0
1
20
20
20
14
23
39
36
49
47
47
14
40
9
2
27
4
19
18
17
19
19
26
15
17
31
5
49
45
36
28
28
48
46
46
19
11
6
16
10
10
40
6
47
4
4
4
16
44
27
42
40
31
27
27
24
25
6
13
35
35
35
23
23
37
42
42
36
36
14
10
5
5
47
47
47
47
49
43
43
8
0
37
43
37
47
36
50
47
37
15
7
48
13
46
1
25
25
32
32
14
2
5
3
3
16
16
29
10
39
6
28
28
4
35
35
35
35
1
21
24
23
3
12
12
19
22
22
33
19
27
11
41
30
30
44
9
9
44
28
34
42
7
8
8
39
39
39
39
39
39
7
7
23
0
13
35
12
12
12
10
9
13
13
37
46
46
37
37
0
34
34
23
7
20
20
4
46
20